.Random.seed <-
c(403L, 1L, 1958568937L, -819566309L, 1854128938L, -1032125364L, 
695028751L, -1494554811L, 862343420L, 1378295634L, 2146750669L, 
1367498887L, -1304968338L, 1563211080L, 2056864075L, 271266985L, 
1543882232L, -1871368922L, 945491521L, 1097025491L, -1528537726L, 
-1188204108L, -1737548489L, 159258669L, -80755388L, 1093206634L, 
617131221L, 1653500527L, -45047946L, -1941053280L, 1046722915L, 
-1289913855L, -901535376L, 1614567694L, -1794790535L, -582327541L, 
706669626L, -1422963908L, 446816383L, -1872247851L, 348007916L, 
-126337214L, -2126495587L, -1534756585L, 654233726L, -383784904L, 
1895792411L, 1842121849L, -1301998392L, -759008010L, -276568783L, 
-787737245L, -1169623246L, -806674300L, -1935393593L, -227414115L, 
727997204L, 696068538L, -368115707L, -2089519649L, 1032013926L, 
-130844688L, -705199853L, 193076913L, -1015817888L, -1801785602L, 
1054575241L, -1605622341L, -2074878070L, 36406892L, 658880495L, 
1071271973L, -850566948L, 1585972914L, 2076207533L, -1621664409L, 
1151421070L, 614519656L, -2029106325L, 369947913L, -448754792L, 
-463516986L, 579219489L, -1713310541L, -1136843230L, 1579603988L, 
292035735L, 1293825677L, 1576884132L, 2060044682L, 1627141621L, 
2084481103L, -1104609450L, -1138584064L, 2007344963L, -899907871L, 
-1395303344L, 516727982L, 1280770137L, 2028642411L, 1563317722L, 
714161820L, -191459169L, 1718528757L, -850675828L, 336287330L, 
-2124322243L, 1162761399L, 2143325022L, -1091621224L, 2112359931L, 
1758351257L, 190457896L, 1142460630L, -745171631L, -590216189L, 
-1081250926L, -1933407964L, -1672540185L, -692939715L, 1891967668L, 
-1608044262L, 737772133L, -1328978177L, 1152670598L, 739851536L, 
740898227L, 1886627409L, 721061376L, 947847902L, -1081208535L, 
1566244059L, -936621078L, -179037300L, -944186161L, -560511867L, 
-1405792452L, 621350418L, -1993175795L, -168438201L, 582388782L, 
-975777400L, 1061144715L, 1173725801L, -1457381832L, -334465306L, 
724505217L, -1758503405L, -2074334782L, 1511309940L, -874961801L, 
-783930003L, -160263676L, 1506947370L, -582310251L, -772420305L, 
-569722826L, 1560349792L, -775413085L, -1633593919L, 658121136L, 
1134362830L, 1175051833L, 556654667L, -271117830L, 378277116L, 
-659414721L, 198630933L, 1508728108L, 1794452994L, -883116835L, 
-392925225L, 1356466878L, 1978961144L, 409137883L, 1040558393L, 
-1665012600L, 200743990L, 703277169L, -1217258845L, 1142030322L, 
-2053942460L, 1779072007L, -1313924643L, -2131532076L, -122369542L, 
1742316869L, 1472557471L, -1248947418L, -1737856080L, -1564305325L, 
-494136463L, -137108832L, 990746174L, 1702436169L, -786439173L, 
-1616607286L, 1481324844L, 1285969199L, 1590877157L, 474161820L, 
-1029888270L, 226621293L, 1789378727L, -1560362290L, -527044568L, 
-651588565L, -454934967L, 1821669208L, -520805882L, 609979361L, 
1181919603L, -1888482846L, 1798155604L, -1268300713L, -1474025395L, 
725707748L, 1238911434L, 126767157L, 542936719L, -1469833322L, 
-1322048704L, -1812001277L, 1400329249L, -957671664L, 338611438L, 
642339993L, -375013077L, -7899110L, -537029540L, -1177914926L, 
-1500480000L, -1574035116L, -330493720L, -1441373958L, -1431140656L, 
445337900L, -427220748L, 1117080978L, 147937632L, 1436211212L, 
-915143968L, 719219298L, -1911209304L, -994874804L, -1702744196L, 
478123314L, 1682417264L, -184061116L, 1675438040L, 468420474L, 
941127216L, 980953020L, -109234604L, 1938706498L, 2115498144L, 
-216041796L, -1682527792L, -334101662L, 972432104L, 1894695116L, 
137945596L, -1979649550L, -265221504L, -144204300L, -1280477560L, 
-1626546374L, -342109360L, -706843540L, 199164308L, -45190062L, 
-1149419040L, -62612276L, -1646869344L, 446838146L, 377096424L, 
-562268436L, 718689596L, -514143118L, 1424156784L, -266076124L, 
1804192824L, -1706594534L, -1965151024L, 1797029692L, 1557833620L, 
-1493347454L, -2002220608L, -290587076L, 2134934928L, 713735714L, 
517498120L, -562762100L, -253944036L, -1278279534L, 1934342528L, 
387048980L, -1454350552L, 1741363770L, 1694449104L, 790604140L, 
-124992588L, -2013571054L, -556419616L, 250185676L, 1957683424L, 
221141026L, 385016104L, -1418240500L, -75602116L, -1114635278L, 
1198578416L, 1548668484L, -995409320L, 1164627770L, -186341904L, 
1517754044L, -258934508L, 540771010L, 2063168608L, -1765031044L, 
-452864048L, -717610718L, 1111980712L, 1750932364L, -841779012L, 
801861426L, -1999279552L, 1711602868L, 1567531592L, 257271226L, 
1193427472L, 782709484L, 970744148L, 1904754962L, -2120905312L, 
-2138889524L, -1583702432L, 286488514L, -670095576L, 1269362604L, 
215245628L, -1692063374L, 2099968816L, -56464092L, 1215114040L, 
-1641046310L, -1006901360L, -407728388L, -545363052L, -1404493758L, 
-1062087424L, 34063420L, -1887354544L, 277024930L, -1559371448L, 
1243010828L, 854278876L, 1323855186L, 969901184L, -862789548L, 
1145688040L, -1247598342L, 465677136L, 538541868L, 1158867316L, 
-321852526L, -9082784L, -75936372L, -542680224L, 144701922L, 
1886843816L, -1273809716L, -1794785284L, -1202051662L, 782808560L, 
103893956L, 694986072L, -222520966L, 1367622576L, 1740884412L, 
1390131284L, -990660670L, 1650028576L, 1428846780L, 2086097488L, 
-1932332062L, -1306771352L, 817841228L, -345237252L, 1642892274L, 
801835264L, 481689972L, 823012360L, 1738522554L, -762449456L, 
1209727980L, 1871536532L, -1639902766L, -139226784L, 2079625036L, 
-1198696160L, 194232194L, 450621160L, 205209836L, -1932200900L, 
-1039795342L, -732873104L, -877571036L, -1577252040L, -898175846L, 
767480528L, -1712635716L, -496079212L, 1852225154L, 752470208L, 
-829381828L, 1346870416L, -466141662L, 1012453384L, 2020252940L, 
-1137300324L, -1966752238L, 69681024L, 957468180L, -1640814040L, 
2115450170L, -1077212720L, -18107284L, -678811340L, 776279698L, 
2135772000L, -438521012L, 2002401248L, -590456926L, -750778456L, 
-196940404L, -2129262404L, 2096679282L, 1373066480L, 1877995588L, 
637641048L, -1079843270L, -1884308624L, 762460220L, -390439148L, 
607692226L, 1960458976L, -1622419588L, 1166614224L, 1709447330L, 
616188968L, 399172876L, -1560680516L, -2127779534L, 1055222208L, 
-949474124L, 603068613L, -2073662961L, 1762083464L, -1549944922L, 
1526480723L, -1427390283L, -1778999790L, -704742432L, -1160114615L, 
1210584187L, -897258164L, -2096785190L, -808343345L, -349326183L, 
1962244270L, -1359960644L, -1628176851L, 694743L, 296857632L, 
851678590L, -173126837L, 223072589L, -1182011526L, -504577608L, 
-1528798367L, 1054864147L, 1712966452L, -252507838L, 1701072215L, 
1236052129L, -232193690L, 2003743588L, 2145491605L, -1022043201L, 
1548283736L, -2105055882L, 1404536707L, -2015420987L, 1291657954L, 
1453935440L, 1074730617L, -625632853L, 1011887900L, -680298422L, 
-309285825L, 1953868937L, 825510046L, 1833485644L, 1340941597L, 
1637589159L, 1787138000L, 778143598L, 291663387L, -660596867L, 
-2116133526L, 1240167432L, 1807006897L, -1567761629L, 6203428L, 
2037902034L, -1982955737L, 469868913L, 1554589622L, -338306220L, 
914580965L, 82485231L, -1351139544L, -469858426L, -109972557L, 
894325525L, -361910926L, -2034314816L, 1972322857L, -860666213L, 
-39317652L, 2041567098L, -138432337L, 1969785785L, 1994284494L, 
-439613156L, 906067085L, 1126576375L, -926630912L, -1130856866L, 
-1954864853L, -754236883L, -759151974L, -355172776L, -231210559L, 
663637619L, 1874594708L, -765181406L, 383438135L, 936668161L, 
-2066935546L, -355830460L, -729933707L, -194938401L, -1411545800L, 
1105483542L, -1991813341L, 948528357L, -1538121470L, 2135610224L, 
-1218671847L, -250991861L, 1752283132L, -21523414L, -2097465249L, 
-1167429655L, -1439805186L, 483279084L, 515744829L, 219731975L, 
1653351408L, 994488206L, 1936436667L, -2075178083L, 2060276042L, 
-859276952L, 805203793L, -348623805L, -1879329468L, -1191356942L, 
-645849145L, -2027986543L, -953461482L, 1712876916L, -1741657083L, 
224730191L, 985116744L, 2023990758L, 1972124435L, 1358716021L, 
-1539242414L, 1484964000L, 498932105L, -1085564485L, 1962620428L, 
-1149276262L, -1587914993L, 1821035865L, 691677166L, -45871492L, 
